2019/01/17-19:25:40.122240 7f5ca4cd9ac0 RocksDB version: 5.8.8
2019/01/17-19:25:40.122259 7f5ca4cd9ac0 Git sha rocksdb_build_git_sha:6f35cb93c4d4cea0e18c0730ca0031c23bbfc874
2019/01/17-19:25:40.122261 7f5ca4cd9ac0 Compile date May 15 2018
2019/01/17-19:25:40.122262 7f5ca4cd9ac0 DB SUMMARY
2019/01/17-19:25:40.122299 7f5ca4cd9ac0 CURRENT file:  CURRENT
2019/01/17-19:25:40.122301 7f5ca4cd9ac0 IDENTITY file:  IDENTITY
2019/01/17-19:25:40.122304 7f5ca4cd9ac0 MANIFEST file:  MANIFEST-000056 size: 2014 Bytes
2019/01/17-19:25:40.122306 7f5ca4cd9ac0 SST files in .//chains/DevelopmentChain/db/5c1b65ab6b930b4c/overlayrecent/db dir, Total Num: 11, files: 000026.sst 000027.sst 000053.sst 000054.sst 000058.sst 000059.sst 000061.sst 000063.sst 000067.sst 
2019/01/17-19:25:40.122307 7f5ca4cd9ac0 Write Ahead Log file in .//chains/DevelopmentChain/db/5c1b65ab6b930b4c/overlayrecent/db: 000064.log size: 143 ; 
2019/01/17-19:25:40.122308 7f5ca4cd9ac0                         Options.error_if_exists: 0
2019/01/17-19:25:40.122309 7f5ca4cd9ac0                       Options.create_if_missing: 1
2019/01/17-19:25:40.122310 7f5ca4cd9ac0                         Options.paranoid_checks: 1
2019/01/17-19:25:40.122311 7f5ca4cd9ac0                                     Options.env: 0x564bc3afc8c0
2019/01/17-19:25:40.122312 7f5ca4cd9ac0                                Options.info_log: 0x7f5ca35edff0
2019/01/17-19:25:40.122313 7f5ca4cd9ac0                Options.max_file_opening_threads: 16
2019/01/17-19:25:40.122314 7f5ca4cd9ac0                               Options.use_fsync: 0
2019/01/17-19:25:40.122315 7f5ca4cd9ac0                       Options.max_log_file_size: 0
2019/01/17-19:25:40.122316 7f5ca4cd9ac0                  Options.max_manifest_file_size: 18446744073709551615
2019/01/17-19:25:40.122317 7f5ca4cd9ac0                   Options.log_file_time_to_roll: 0
2019/01/17-19:25:40.122317 7f5ca4cd9ac0                       Options.keep_log_file_num: 1
2019/01/17-19:25:40.122318 7f5ca4cd9ac0                    Options.recycle_log_file_num: 0
2019/01/17-19:25:40.122319 7f5ca4cd9ac0                         Options.allow_fallocate: 1
2019/01/17-19:25:40.122320 7f5ca4cd9ac0                        Options.allow_mmap_reads: 0
2019/01/17-19:25:40.122321 7f5ca4cd9ac0                       Options.allow_mmap_writes: 0
2019/01/17-19:25:40.122322 7f5ca4cd9ac0                        Options.use_direct_reads: 0
2019/01/17-19:25:40.122322 7f5ca4cd9ac0                        Options.use_direct_io_for_flush_and_compaction: 0
2019/01/17-19:25:40.122323 7f5ca4cd9ac0          Options.create_missing_column_families: 0
2019/01/17-19:25:40.122324 7f5ca4cd9ac0                              Options.db_log_dir: 
2019/01/17-19:25:40.122325 7f5ca4cd9ac0                                 Options.wal_dir: .//chains/DevelopmentChain/db/5c1b65ab6b930b4c/overlayrecent/db
2019/01/17-19:25:40.122326 7f5ca4cd9ac0                Options.table_cache_numshardbits: 6
2019/01/17-19:25:40.122327 7f5ca4cd9ac0                      Options.max_subcompactions: 1
2019/01/17-19:25:40.122328 7f5ca4cd9ac0                  Options.max_background_flushes: 1
2019/01/17-19:25:40.122328 7f5ca4cd9ac0                         Options.WAL_ttl_seconds: 0
2019/01/17-19:25:40.122329 7f5ca4cd9ac0                       Options.WAL_size_limit_MB: 0
2019/01/17-19:25:40.122330 7f5ca4cd9ac0             Options.manifest_preallocation_size: 4194304
2019/01/17-19:25:40.122331 7f5ca4cd9ac0                     Options.is_fd_close_on_exec: 1
2019/01/17-19:25:40.122332 7f5ca4cd9ac0                   Options.advise_random_on_open: 1
2019/01/17-19:25:40.122333 7f5ca4cd9ac0                    Options.db_write_buffer_size: 8388608
2019/01/17-19:25:40.122333 7f5ca4cd9ac0                    Options.write_buffer_manager: 0x7f5ca33a1570
2019/01/17-19:25:40.122334 7f5ca4cd9ac0         Options.access_hint_on_compaction_start: 1
2019/01/17-19:25:40.122335 7f5ca4cd9ac0  Options.new_table_reader_for_compaction_inputs: 0
2019/01/17-19:25:40.122336 7f5ca4cd9ac0               Options.compaction_readahead_size: 0
2019/01/17-19:25:40.122337 7f5ca4cd9ac0           Options.random_access_max_buffer_size: 1048576
2019/01/17-19:25:40.122337 7f5ca4cd9ac0           Options.writable_file_max_buffer_size: 1048576
2019/01/17-19:25:40.122346 7f5ca4cd9ac0                      Options.use_adaptive_mutex: 0
2019/01/17-19:25:40.122348 7f5ca4cd9ac0                            Options.rate_limiter: 0x7f5ca322cfc0
2019/01/17-19:25:40.122348 7f5ca4cd9ac0     Options.sst_file_manager.rate_bytes_per_sec: 0
2019/01/17-19:25:40.122349 7f5ca4cd9ac0                          Options.bytes_per_sync: 1048576
2019/01/17-19:25:40.122350 7f5ca4cd9ac0                      Options.wal_bytes_per_sync: 0
2019/01/17-19:25:40.122351 7f5ca4cd9ac0                       Options.wal_recovery_mode: 2
2019/01/17-19:25:40.122352 7f5ca4cd9ac0                  Options.enable_thread_tracking: 0
2019/01/17-19:25:40.122353 7f5ca4cd9ac0                  Options.enable_pipelined_write: 0
2019/01/17-19:25:40.122353 7f5ca4cd9ac0         Options.allow_concurrent_memtable_write: 1
2019/01/17-19:25:40.122354 7f5ca4cd9ac0      Options.enable_write_thread_adaptive_yield: 1
2019/01/17-19:25:40.122355 7f5ca4cd9ac0             Options.write_thread_max_yield_usec: 100
2019/01/17-19:25:40.122356 7f5ca4cd9ac0            Options.write_thread_slow_yield_usec: 3
2019/01/17-19:25:40.122357 7f5ca4cd9ac0                               Options.row_cache: None
2019/01/17-19:25:40.122357 7f5ca4cd9ac0                              Options.wal_filter: None
2019/01/17-19:25:40.122358 7f5ca4cd9ac0             Options.avoid_flush_during_recovery: 0
2019/01/17-19:25:40.122359 7f5ca4cd9ac0             Options.allow_ingest_behind: 0
2019/01/17-19:25:40.122360 7f5ca4cd9ac0             Options.concurrent_prepare: 0
2019/01/17-19:25:40.122361 7f5ca4cd9ac0             Options.manual_wal_flush: 0
2019/01/17-19:25:40.122362 7f5ca4cd9ac0             Options.max_background_jobs: 2
2019/01/17-19:25:40.122363 7f5ca4cd9ac0             Options.max_background_compactions: 3
2019/01/17-19:25:40.122363 7f5ca4cd9ac0             Options.avoid_flush_during_shutdown: 0
2019/01/17-19:25:40.122364 7f5ca4cd9ac0             Options.delayed_write_rate : 16777216
2019/01/17-19:25:40.122365 7f5ca4cd9ac0             Options.max_total_wal_size: 0
2019/01/17-19:25:40.122366 7f5ca4cd9ac0             Options.delete_obsolete_files_period_micros: 21600000000
2019/01/17-19:25:40.122367 7f5ca4cd9ac0                   Options.stats_dump_period_sec: 600
2019/01/17-19:25:40.122368 7f5ca4cd9ac0                          Options.max_open_files: 512
2019/01/17-19:25:40.122369 7f5ca4cd9ac0 Compression algorithms supported:
2019/01/17-19:25:40.122370 7f5ca4cd9ac0 	Snappy supported: 1
2019/01/17-19:25:40.122370 7f5ca4cd9ac0 	Zlib supported: 0
2019/01/17-19:25:40.122371 7f5ca4cd9ac0 	Bzip supported: 0
2019/01/17-19:25:40.122372 7f5ca4cd9ac0 	LZ4 supported: 0
2019/01/17-19:25:40.122373 7f5ca4cd9ac0 	ZSTD supported: 0
2019/01/17-19:25:40.122374 7f5ca4cd9ac0 Fast CRC32 supported: 0
2019/01/17-19:25:40.122460 7f5ca4cd9ac0 [rocksdb/db/version_set.cc:2732] Recovering from manifest file: MANIFEST-000056
2019/01/17-19:25:40.122510 7f5ca4cd9ac0 [rocksdb/db/column_family.cc:413] --------------- Options for column family [default]:
2019/01/17-19:25:40.122512 7f5ca4cd9ac0               Options.comparator: leveldb.BytewiseComparator
2019/01/17-19:25:40.122513 7f5ca4cd9ac0           Options.merge_operator: None
2019/01/17-19:25:40.122514 7f5ca4cd9ac0        Options.compaction_filter: None
2019/01/17-19:25:40.122515 7f5ca4cd9ac0        Options.compaction_filter_factory: None
2019/01/17-19:25:40.122516 7f5ca4cd9ac0         Options.memtable_factory: SkipListFactory
2019/01/17-19:25:40.122517 7f5ca4cd9ac0            Options.table_factory: BlockBasedTable
2019/01/17-19:25:40.122533 7f5ca4cd9ac0            table_factory options:   flush_block_policy_factory: FlushBlockBySizePolicyFactory (0x7f5ca3452410)
  cache_index_and_filter_blocks: 0
  cache_index_and_filter_blocks_with_high_priority: 0
  pin_l0_filter_and_index_blocks_in_cache: 0
  index_type: 0
  hash_index_allow_collision: 1
  checksum: 1
  no_block_cache: 0
  block_cache: 0x7f5ca3455000
  block_cache_name: LRUCache
  block_cache_options:
    capacity : 8388608
    num_shard_bits : 4
    strict_capacity_limit : 0
    high_pri_pool_ratio: 0.000
  block_cache_compressed: (nil)
  persistent_cache: (nil)
  block_size: 4096
  block_size_deviation: 10
  block_restart_interval: 16
  index_block_restart_interval: 1
  filter_policy: nullptr
  whole_key_filtering: 1
  format_version: 2
2019/01/17-19:25:40.122543 7f5ca4cd9ac0        Options.write_buffer_size: 67108864
2019/01/17-19:25:40.122545 7f5ca4cd9ac0  Options.max_write_buffer_number: 2
2019/01/17-19:25:40.122546 7f5ca4cd9ac0          Options.compression: Snappy
2019/01/17-19:25:40.122547 7f5ca4cd9ac0                  Options.bottommost_compression: Disabled
2019/01/17-19:25:40.122548 7f5ca4cd9ac0       Options.prefix_extractor: nullptr
2019/01/17-19:25:40.122548 7f5ca4cd9ac0   Options.memtable_insert_with_hint_prefix_extractor: nullptr
2019/01/17-19:25:40.122549 7f5ca4cd9ac0             Options.num_levels: 7
2019/01/17-19:25:40.122550 7f5ca4cd9ac0        Options.min_write_buffer_number_to_merge: 1
2019/01/17-19:25:40.122551 7f5ca4cd9ac0     Options.max_write_buffer_number_to_maintain: 0
2019/01/17-19:25:40.122552 7f5ca4cd9ac0            Options.compression_opts.window_bits: -14
2019/01/17-19:25:40.122553 7f5ca4cd9ac0                  Options.compression_opts.level: -1
2019/01/17-19:25:40.122554 7f5ca4cd9ac0               Options.compression_opts.strategy: 0
2019/01/17-19:25:40.122555 7f5ca4cd9ac0         Options.compression_opts.max_dict_bytes: 0
2019/01/17-19:25:40.122555 7f5ca4cd9ac0      Options.level0_file_num_compaction_trigger: 4
2019/01/17-19:25:40.122556 7f5ca4cd9ac0          Options.level0_slowdown_writes_trigger: 20
2019/01/17-19:25:40.122557 7f5ca4cd9ac0              Options.level0_stop_writes_trigger: 36
2019/01/17-19:25:40.122558 7f5ca4cd9ac0                   Options.target_file_size_base: 67108864
2019/01/17-19:25:40.122559 7f5ca4cd9ac0             Options.target_file_size_multiplier: 1
2019/01/17-19:25:40.122560 7f5ca4cd9ac0                Options.max_bytes_for_level_base: 268435456
2019/01/17-19:25:40.122560 7f5ca4cd9ac0 Options.level_compaction_dynamic_level_bytes: 0
2019/01/17-19:25:40.122561 7f5ca4cd9ac0          Options.max_bytes_for_level_multiplier: 10.000000
2019/01/17-19:25:40.122563 7f5ca4cd9ac0 Options.max_bytes_for_level_multiplier_addtl[0]: 1
2019/01/17-19:25:40.122564 7f5ca4cd9ac0 Options.max_bytes_for_level_multiplier_addtl[1]: 1
2019/01/17-19:25:40.122565 7f5ca4cd9ac0 Options.max_bytes_for_level_multiplier_addtl[2]: 1
2019/01/17-19:25:40.122566 7f5ca4cd9ac0 Options.max_bytes_for_level_multiplier_addtl[3]: 1
2019/01/17-19:25:40.122567 7f5ca4cd9ac0 Options.max_bytes_for_level_multiplier_addtl[4]: 1
2019/01/17-19:25:40.122567 7f5ca4cd9ac0 Options.max_bytes_for_level_multiplier_addtl[5]: 1
2019/01/17-19:25:40.122568 7f5ca4cd9ac0 Options.max_bytes_for_level_multiplier_addtl[6]: 1
2019/01/17-19:25:40.122569 7f5ca4cd9ac0       Options.max_sequential_skip_in_iterations: 8
2019/01/17-19:25:40.122570 7f5ca4cd9ac0                    Options.max_compaction_bytes: 1677721600
2019/01/17-19:25:40.122571 7f5ca4cd9ac0                        Options.arena_block_size: 8388608
2019/01/17-19:25:40.122572 7f5ca4cd9ac0   Options.soft_pending_compaction_bytes_limit: 68719476736
2019/01/17-19:25:40.122573 7f5ca4cd9ac0   Options.hard_pending_compaction_bytes_limit: 274877906944
2019/01/17-19:25:40.122573 7f5ca4cd9ac0       Options.rate_limit_delay_max_milliseconds: 100
2019/01/17-19:25:40.122574 7f5ca4cd9ac0                Options.disable_auto_compactions: 0
2019/01/17-19:25:40.122576 7f5ca4cd9ac0                        Options.compaction_style: kCompactionStyleLevel
2019/01/17-19:25:40.122577 7f5ca4cd9ac0                          Options.compaction_pri: kByCompensatedSize
2019/01/17-19:25:40.122578 7f5ca4cd9ac0 Options.compaction_options_universal.size_ratio: 1
2019/01/17-19:25:40.122579 7f5ca4cd9ac0 Options.compaction_options_universal.min_merge_width: 2
2019/01/17-19:25:40.122580 7f5ca4cd9ac0 Options.compaction_options_universal.max_merge_width: 4294967295
2019/01/17-19:25:40.122580 7f5ca4cd9ac0 Options.compaction_options_universal.max_size_amplification_percent: 200
2019/01/17-19:25:40.122585 7f5ca4cd9ac0 Options.compaction_options_universal.compression_size_percent: -1
2019/01/17-19:25:40.122586 7f5ca4cd9ac0 Options.compaction_options_universal.stop_style: kCompactionStopStyleTotalSize
2019/01/17-19:25:40.122587 7f5ca4cd9ac0 Options.compaction_options_fifo.max_table_files_size: 1073741824
2019/01/17-19:25:40.122588 7f5ca4cd9ac0 Options.compaction_options_fifo.allow_compaction: 0
2019/01/17-19:25:40.122589 7f5ca4cd9ac0 Options.compaction_options_fifo.ttl: 0
2019/01/17-19:25:40.122590 7f5ca4cd9ac0                   Options.table_properties_collectors: 
2019/01/17-19:25:40.122591 7f5ca4cd9ac0                   Options.inplace_update_support: 0
2019/01/17-19:25:40.122592 7f5ca4cd9ac0                 Options.inplace_update_num_locks: 10000
2019/01/17-19:25:40.122592 7f5ca4cd9ac0               Options.memtable_prefix_bloom_size_ratio: 0.000000
2019/01/17-19:25:40.122594 7f5ca4cd9ac0   Options.memtable_huge_page_size: 0
2019/01/17-19:25:40.122594 7f5ca4cd9ac0                           Options.bloom_locality: 0
2019/01/17-19:25:40.122595 7f5ca4cd9ac0                    Options.max_successive_merges: 0
2019/01/17-19:25:40.122596 7f5ca4cd9ac0                Options.optimize_filters_for_hits: 0
2019/01/17-19:25:40.122597 7f5ca4cd9ac0                Options.paranoid_file_checks: 0
2019/01/17-19:25:40.122598 7f5ca4cd9ac0                Options.force_consistency_checks: 0
2019/01/17-19:25:40.122598 7f5ca4cd9ac0                Options.report_bg_io_stats: 0
2019/01/17-19:25:40.122626 7f5ca4cd9ac0 [rocksdb/db/column_family.cc:413] --------------- Options for column family [col0]:
2019/01/17-19:25:40.122628 7f5ca4cd9ac0               Options.comparator: leveldb.BytewiseComparator
2019/01/17-19:25:40.122629 7f5ca4cd9ac0           Options.merge_operator: None
2019/01/17-19:25:40.122629 7f5ca4cd9ac0        Options.compaction_filter: None
2019/01/17-19:25:40.122630 7f5ca4cd9ac0        Options.compaction_filter_factory: None
2019/01/17-19:25:40.122631 7f5ca4cd9ac0         Options.memtable_factory: SkipListFactory
2019/01/17-19:25:40.122632 7f5ca4cd9ac0            Options.table_factory: BlockBasedTable
2019/01/17-19:25:40.122641 7f5ca4cd9ac0            table_factory options:   flush_block_policy_factory: FlushBlockBySizePolicyFactory (0x7f5ca34523e8)
  cache_index_and_filter_blocks: 1
  cache_index_and_filter_blocks_with_high_priority: 0
  pin_l0_filter_and_index_blocks_in_cache: 1
  index_type: 0
  hash_index_allow_collision: 1
  checksum: 1
  no_block_cache: 0
  block_cache: 0x7f5ca3455070
  block_cache_name: LRUCache
  block_cache_options:
    capacity : 44739242
    num_shard_bits : 6
    strict_capacity_limit : 0
    high_pri_pool_ratio: 0.000
  block_cache_compressed: (nil)
  persistent_cache: (nil)
  block_size: 65536
  block_size_deviation: 10
  block_restart_interval: 16
  index_block_restart_interval: 1
  filter_policy: nullptr
  whole_key_filtering: 1
  format_version: 2
2019/01/17-19:25:40.122643 7f5ca4cd9ac0        Options.write_buffer_size: 4194304
2019/01/17-19:25:40.122644 7f5ca4cd9ac0  Options.max_write_buffer_number: 6
2019/01/17-19:25:40.122645 7f5ca4cd9ac0          Options.compression: Snappy
2019/01/17-19:25:40.122646 7f5ca4cd9ac0                  Options.bottommost_compression: Disabled
2019/01/17-19:25:40.122647 7f5ca4cd9ac0       Options.prefix_extractor: nullptr
2019/01/17-19:25:40.122648 7f5ca4cd9ac0   Options.memtable_insert_with_hint_prefix_extractor: nullptr
2019/01/17-19:25:40.122648 7f5ca4cd9ac0             Options.num_levels: 7
2019/01/17-19:25:40.122649 7f5ca4cd9ac0        Options.min_write_buffer_number_to_merge: 2
2019/01/17-19:25:40.122650 7f5ca4cd9ac0     Options.max_write_buffer_number_to_maintain: 0
2019/01/17-19:25:40.122651 7f5ca4cd9ac0            Options.compression_opts.window_bits: -14
2019/01/17-19:25:40.122652 7f5ca4cd9ac0                  Options.compression_opts.level: -1
2019/01/17-19:25:40.122653 7f5ca4cd9ac0               Options.compression_opts.strategy: 0
2019/01/17-19:25:40.122653 7f5ca4cd9ac0         Options.compression_opts.max_dict_bytes: 0
2019/01/17-19:25:40.122659 7f5ca4cd9ac0      Options.level0_file_num_compaction_trigger: 2
2019/01/17-19:25:40.122660 7f5ca4cd9ac0          Options.level0_slowdown_writes_trigger: 20
2019/01/17-19:25:40.122661 7f5ca4cd9ac0              Options.level0_stop_writes_trigger: 36
2019/01/17-19:25:40.122662 7f5ca4cd9ac0                   Options.target_file_size_base: 268435456
2019/01/17-19:25:40.122662 7f5ca4cd9ac0             Options.target_file_size_multiplier: 1
2019/01/17-19:25:40.122663 7f5ca4cd9ac0                Options.max_bytes_for_level_base: 16777216
2019/01/17-19:25:40.122664 7f5ca4cd9ac0 Options.level_compaction_dynamic_level_bytes: 1
2019/01/17-19:25:40.122665 7f5ca4cd9ac0          Options.max_bytes_for_level_multiplier: 10.000000
2019/01/17-19:25:40.122666 7f5ca4cd9ac0 Options.max_bytes_for_level_multiplier_addtl[0]: 1
2019/01/17-19:25:40.122667 7f5ca4cd9ac0 Options.max_bytes_for_level_multiplier_addtl[1]: 1
2019/01/17-19:25:40.122668 7f5ca4cd9ac0 Options.max_bytes_for_level_multiplier_addtl[2]: 1
2019/01/17-19:25:40.122669 7f5ca4cd9ac0 Options.max_bytes_for_level_multiplier_addtl[3]: 1
2019/01/17-19:25:40.122670 7f5ca4cd9ac0 Options.max_bytes_for_level_multiplier_addtl[4]: 1
2019/01/17-19:25:40.122671 7f5ca4cd9ac0 Options.max_bytes_for_level_multiplier_addtl[5]: 1
2019/01/17-19:25:40.122671 7f5ca4cd9ac0 Options.max_bytes_for_level_multiplier_addtl[6]: 1
2019/01/17-19:25:40.122672 7f5ca4cd9ac0       Options.max_sequential_skip_in_iterations: 8
2019/01/17-19:25:40.122673 7f5ca4cd9ac0                    Options.max_compaction_bytes: 6710886400
2019/01/17-19:25:40.122674 7f5ca4cd9ac0                        Options.arena_block_size: 524288
2019/01/17-19:25:40.122675 7f5ca4cd9ac0   Options.soft_pending_compaction_bytes_limit: 68719476736
2019/01/17-19:25:40.122676 7f5ca4cd9ac0   Options.hard_pending_compaction_bytes_limit: 274877906944
2019/01/17-19:25:40.122676 7f5ca4cd9ac0       Options.rate_limit_delay_max_milliseconds: 100
2019/01/17-19:25:40.122677 7f5ca4cd9ac0                Options.disable_auto_compactions: 0
2019/01/17-19:25:40.122678 7f5ca4cd9ac0                        Options.compaction_style: kCompactionStyleLevel
2019/01/17-19:25:40.122679 7f5ca4cd9ac0                          Options.compaction_pri: kByCompensatedSize
2019/01/17-19:25:40.122680 7f5ca4cd9ac0 Options.compaction_options_universal.size_ratio: 1
2019/01/17-19:25:40.122681 7f5ca4cd9ac0 Options.compaction_options_universal.min_merge_width: 2
2019/01/17-19:25:40.122682 7f5ca4cd9ac0 Options.compaction_options_universal.max_merge_width: 4294967295
2019/01/17-19:25:40.122683 7f5ca4cd9ac0 Options.compaction_options_universal.max_size_amplification_percent: 200
2019/01/17-19:25:40.122684 7f5ca4cd9ac0 Options.compaction_options_universal.compression_size_percent: -1
2019/01/17-19:25:40.122685 7f5ca4cd9ac0 Options.compaction_options_universal.stop_style: kCompactionStopStyleTotalSize
2019/01/17-19:25:40.122686 7f5ca4cd9ac0 Options.compaction_options_fifo.max_table_files_size: 1073741824
2019/01/17-19:25:40.122686 7f5ca4cd9ac0 Options.compaction_options_fifo.allow_compaction: 0
2019/01/17-19:25:40.122687 7f5ca4cd9ac0 Options.compaction_options_fifo.ttl: 0
2019/01/17-19:25:40.122688 7f5ca4cd9ac0                   Options.table_properties_collectors: 
2019/01/17-19:25:40.122689 7f5ca4cd9ac0                   Options.inplace_update_support: 0
2019/01/17-19:25:40.122690 7f5ca4cd9ac0                 Options.inplace_update_num_locks: 10000
2019/01/17-19:25:40.122691 7f5ca4cd9ac0               Options.memtable_prefix_bloom_size_ratio: 0.000000
2019/01/17-19:25:40.122692 7f5ca4cd9ac0   Options.memtable_huge_page_size: 0
2019/01/17-19:25:40.122692 7f5ca4cd9ac0                           Options.bloom_locality: 0
2019/01/17-19:25:40.122693 7f5ca4cd9ac0                    Options.max_successive_merges: 0
2019/01/17-19:25:40.122694 7f5ca4cd9ac0                Options.optimize_filters_for_hits: 0
2019/01/17-19:25:40.122695 7f5ca4cd9ac0                Options.paranoid_file_checks: 0
2019/01/17-19:25:40.122700 7f5ca4cd9ac0                Options.force_consistency_checks: 0
2019/01/17-19:25:40.122701 7f5ca4cd9ac0                Options.report_bg_io_stats: 0
2019/01/17-19:25:40.122720 7f5ca4cd9ac0 [rocksdb/db/column_family.cc:413] --------------- Options for column family [col1]:
2019/01/17-19:25:40.122721 7f5ca4cd9ac0               Options.comparator: leveldb.BytewiseComparator
2019/01/17-19:25:40.122722 7f5ca4cd9ac0           Options.merge_operator: None
2019/01/17-19:25:40.122723 7f5ca4cd9ac0        Options.compaction_filter: None
2019/01/17-19:25:40.122724 7f5ca4cd9ac0        Options.compaction_filter_factory: None
2019/01/17-19:25:40.122725 7f5ca4cd9ac0         Options.memtable_factory: SkipListFactory
2019/01/17-19:25:40.122725 7f5ca4cd9ac0            Options.table_factory: BlockBasedTable
2019/01/17-19:25:40.122734 7f5ca4cd9ac0            table_factory options:   flush_block_policy_factory: FlushBlockBySizePolicyFactory (0x7f5ca3452418)
  cache_index_and_filter_blocks: 1
  cache_index_and_filter_blocks_with_high_priority: 0
  pin_l0_filter_and_index_blocks_in_cache: 1
  index_type: 0
  hash_index_allow_collision: 1
  checksum: 1
  no_block_cache: 0
  block_cache: 0x7f5ca3455070
  block_cache_name: LRUCache
  block_cache_options:
    capacity : 44739242
    num_shard_bits : 6
    strict_capacity_limit : 0
    high_pri_pool_ratio: 0.000
  block_cache_compressed: (nil)
  persistent_cache: (nil)
  block_size: 65536
  block_size_deviation: 10
  block_restart_interval: 16
  index_block_restart_interval: 1
  filter_policy: nullptr
  whole_key_filtering: 1
  format_version: 2
2019/01/17-19:25:40.122737 7f5ca4cd9ac0        Options.write_buffer_size: 4194304
2019/01/17-19:25:40.122738 7f5ca4cd9ac0  Options.max_write_buffer_number: 6
2019/01/17-19:25:40.122739 7f5ca4cd9ac0          Options.compression: Snappy
2019/01/17-19:25:40.122739 7f5ca4cd9ac0                  Options.bottommost_compression: Disabled
2019/01/17-19:25:40.122740 7f5ca4cd9ac0       Options.prefix_extractor: nullptr
2019/01/17-19:25:40.122741 7f5ca4cd9ac0   Options.memtable_insert_with_hint_prefix_extractor: nullptr
2019/01/17-19:25:40.122742 7f5ca4cd9ac0             Options.num_levels: 7
2019/01/17-19:25:40.122743 7f5ca4cd9ac0        Options.min_write_buffer_number_to_merge: 2
2019/01/17-19:25:40.122744 7f5ca4cd9ac0     Options.max_write_buffer_number_to_maintain: 0
2019/01/17-19:25:40.122744 7f5ca4cd9ac0            Options.compression_opts.window_bits: -14
2019/01/17-19:25:40.122745 7f5ca4cd9ac0                  Options.compression_opts.level: -1
2019/01/17-19:25:40.122746 7f5ca4cd9ac0               Options.compression_opts.strategy: 0
2019/01/17-19:25:40.122747 7f5ca4cd9ac0         Options.compression_opts.max_dict_bytes: 0
2019/01/17-19:25:40.122748 7f5ca4cd9ac0      Options.level0_file_num_compaction_trigger: 2
2019/01/17-19:25:40.122748 7f5ca4cd9ac0          Options.level0_slowdown_writes_trigger: 20
2019/01/17-19:25:40.122749 7f5ca4cd9ac0              Options.level0_stop_writes_trigger: 36
2019/01/17-19:25:40.122750 7f5ca4cd9ac0                   Options.target_file_size_base: 268435456
2019/01/17-19:25:40.122751 7f5ca4cd9ac0             Options.target_file_size_multiplier: 1
2019/01/17-19:25:40.122752 7f5ca4cd9ac0                Options.max_bytes_for_level_base: 16777216
2019/01/17-19:25:40.122752 7f5ca4cd9ac0 Options.level_compaction_dynamic_level_bytes: 1
2019/01/17-19:25:40.122753 7f5ca4cd9ac0          Options.max_bytes_for_level_multiplier: 10.000000
2019/01/17-19:25:40.122754 7f5ca4cd9ac0 Options.max_bytes_for_level_multiplier_addtl[0]: 1
2019/01/17-19:25:40.122755 7f5ca4cd9ac0 Options.max_bytes_for_level_multiplier_addtl[1]: 1
2019/01/17-19:25:40.122756 7f5ca4cd9ac0 Options.max_bytes_for_level_multiplier_addtl[2]: 1
2019/01/17-19:25:40.122757 7f5ca4cd9ac0 Options.max_bytes_for_level_multiplier_addtl[3]: 1
2019/01/17-19:25:40.122758 7f5ca4cd9ac0 Options.max_bytes_for_level_multiplier_addtl[4]: 1
2019/01/17-19:25:40.122759 7f5ca4cd9ac0 Options.max_bytes_for_level_multiplier_addtl[5]: 1
2019/01/17-19:25:40.122759 7f5ca4cd9ac0 Options.max_bytes_for_level_multiplier_addtl[6]: 1
2019/01/17-19:25:40.122764 7f5ca4cd9ac0       Options.max_sequential_skip_in_iterations: 8
2019/01/17-19:25:40.122765 7f5ca4cd9ac0                    Options.max_compaction_bytes: 6710886400
2019/01/17-19:25:40.122766 7f5ca4cd9ac0                        Options.arena_block_size: 524288
2019/01/17-19:25:40.122767 7f5ca4cd9ac0   Options.soft_pending_compaction_bytes_limit: 68719476736
2019/01/17-19:25:40.122768 7f5ca4cd9ac0   Options.hard_pending_compaction_bytes_limit: 274877906944
2019/01/17-19:25:40.122769 7f5ca4cd9ac0       Options.rate_limit_delay_max_milliseconds: 100
2019/01/17-19:25:40.122770 7f5ca4cd9ac0                Options.disable_auto_compactions: 0
2019/01/17-19:25:40.122771 7f5ca4cd9ac0                        Options.compaction_style: kCompactionStyleLevel
2019/01/17-19:25:40.122772 7f5ca4cd9ac0                          Options.compaction_pri: kByCompensatedSize
2019/01/17-19:25:40.122772 7f5ca4cd9ac0 Options.compaction_options_universal.size_ratio: 1
2019/01/17-19:25:40.122773 7f5ca4cd9ac0 Options.compaction_options_universal.min_merge_width: 2
2019/01/17-19:25:40.122774 7f5ca4cd9ac0 Options.compaction_options_universal.max_merge_width: 4294967295
2019/01/17-19:25:40.122775 7f5ca4cd9ac0 Options.compaction_options_universal.max_size_amplification_percent: 200
2019/01/17-19:25:40.122776 7f5ca4cd9ac0 Options.compaction_options_universal.compression_size_percent: -1
2019/01/17-19:25:40.122777 7f5ca4cd9ac0 Options.compaction_options_universal.stop_style: kCompactionStopStyleTotalSize
2019/01/17-19:25:40.122777 7f5ca4cd9ac0 Options.compaction_options_fifo.max_table_files_size: 1073741824
2019/01/17-19:25:40.122778 7f5ca4cd9ac0 Options.compaction_options_fifo.allow_compaction: 0
2019/01/17-19:25:40.122779 7f5ca4cd9ac0 Options.compaction_options_fifo.ttl: 0
2019/01/17-19:25:40.122780 7f5ca4cd9ac0                   Options.table_properties_collectors: 
2019/01/17-19:25:40.122781 7f5ca4cd9ac0                   Options.inplace_update_support: 0
2019/01/17-19:25:40.122782 7f5ca4cd9ac0                 Options.inplace_update_num_locks: 10000
2019/01/17-19:25:40.122782 7f5ca4cd9ac0               Options.memtable_prefix_bloom_size_ratio: 0.000000
2019/01/17-19:25:40.122783 7f5ca4cd9ac0   Options.memtable_huge_page_size: 0
2019/01/17-19:25:40.122784 7f5ca4cd9ac0                           Options.bloom_locality: 0
2019/01/17-19:25:40.122785 7f5ca4cd9ac0                    Options.max_successive_merges: 0
2019/01/17-19:25:40.122786 7f5ca4cd9ac0                Options.optimize_filters_for_hits: 0
2019/01/17-19:25:40.122787 7f5ca4cd9ac0                Options.paranoid_file_checks: 0
2019/01/17-19:25:40.122788 7f5ca4cd9ac0                Options.force_consistency_checks: 0
2019/01/17-19:25:40.122788 7f5ca4cd9ac0                Options.report_bg_io_stats: 0
2019/01/17-19:25:40.122803 7f5ca4cd9ac0 [rocksdb/db/column_family.cc:413] --------------- Options for column family [col2]:
2019/01/17-19:25:40.122805 7f5ca4cd9ac0               Options.comparator: leveldb.BytewiseComparator
2019/01/17-19:25:40.122806 7f5ca4cd9ac0           Options.merge_operator: None
2019/01/17-19:25:40.122806 7f5ca4cd9ac0        Options.compaction_filter: None
2019/01/17-19:25:40.122807 7f5ca4cd9ac0        Options.compaction_filter_factory: None
2019/01/17-19:25:40.122808 7f5ca4cd9ac0         Options.memtable_factory: SkipListFactory
2019/01/17-19:25:40.122809 7f5ca4cd9ac0            Options.table_factory: BlockBasedTable
2019/01/17-19:25:40.122817 7f5ca4cd9ac0            table_factory options:   flush_block_policy_factory: FlushBlockBySizePolicyFactory (0x7f5ca3452358)
  cache_index_and_filter_blocks: 1
  cache_index_and_filter_blocks_with_high_priority: 0
  pin_l0_filter_and_index_blocks_in_cache: 1
  index_type: 0
  hash_index_allow_collision: 1
  checksum: 1
  no_block_cache: 0
  block_cache: 0x7f5ca3455070
  block_cache_name: LRUCache
  block_cache_options:
    capacity : 44739242
    num_shard_bits : 6
    strict_capacity_limit : 0
    high_pri_pool_ratio: 0.000
  block_cache_compressed: (nil)
  persistent_cache: (nil)
  block_size: 65536
  block_size_deviation: 10
  block_restart_interval: 16
  index_block_restart_interval: 1
  filter_policy: nullptr
  whole_key_filtering: 1
  format_version: 2
2019/01/17-19:25:40.122825 7f5ca4cd9ac0        Options.write_buffer_size: 4194304
2019/01/17-19:25:40.122826 7f5ca4cd9ac0  Options.max_write_buffer_number: 6
2019/01/17-19:25:40.122827 7f5ca4cd9ac0          Options.compression: Snappy
2019/01/17-19:25:40.122828 7f5ca4cd9ac0                  Options.bottommost_compression: Disabled
2019/01/17-19:25:40.122828 7f5ca4cd9ac0       Options.prefix_extractor: nullptr
2019/01/17-19:25:40.122829 7f5ca4cd9ac0   Options.memtable_insert_with_hint_prefix_extractor: nullptr
2019/01/17-19:25:40.122830 7f5ca4cd9ac0             Options.num_levels: 7
2019/01/17-19:25:40.122831 7f5ca4cd9ac0        Options.min_write_buffer_number_to_merge: 2
2019/01/17-19:25:40.122832 7f5ca4cd9ac0     Options.max_write_buffer_number_to_maintain: 0
2019/01/17-19:25:40.122832 7f5ca4cd9ac0            Options.compression_opts.window_bits: -14
2019/01/17-19:25:40.122833 7f5ca4cd9ac0                  Options.compression_opts.level: -1
2019/01/17-19:25:40.122834 7f5ca4cd9ac0               Options.compression_opts.strategy: 0
2019/01/17-19:25:40.122835 7f5ca4cd9ac0         Options.compression_opts.max_dict_bytes: 0
2019/01/17-19:25:40.122836 7f5ca4cd9ac0      Options.level0_file_num_compaction_trigger: 2
2019/01/17-19:25:40.122836 7f5ca4cd9ac0          Options.level0_slowdown_writes_trigger: 20
2019/01/17-19:25:40.122837 7f5ca4cd9ac0              Options.level0_stop_writes_trigger: 36
2019/01/17-19:25:40.122838 7f5ca4cd9ac0                   Options.target_file_size_base: 268435456
2019/01/17-19:25:40.122839 7f5ca4cd9ac0             Options.target_file_size_multiplier: 1
2019/01/17-19:25:40.122840 7f5ca4cd9ac0                Options.max_bytes_for_level_base: 16777216
2019/01/17-19:25:40.122841 7f5ca4cd9ac0 Options.level_compaction_dynamic_level_bytes: 1
2019/01/17-19:25:40.122841 7f5ca4cd9ac0          Options.max_bytes_for_level_multiplier: 10.000000
2019/01/17-19:25:40.122843 7f5ca4cd9ac0 Options.max_bytes_for_level_multiplier_addtl[0]: 1
2019/01/17-19:25:40.122843 7f5ca4cd9ac0 Options.max_bytes_for_level_multiplier_addtl[1]: 1
2019/01/17-19:25:40.122844 7f5ca4cd9ac0 Options.max_bytes_for_level_multiplier_addtl[2]: 1
2019/01/17-19:25:40.122845 7f5ca4cd9ac0 Options.max_bytes_for_level_multiplier_addtl[3]: 1
2019/01/17-19:25:40.122846 7f5ca4cd9ac0 Options.max_bytes_for_level_multiplier_addtl[4]: 1
2019/01/17-19:25:40.122847 7f5ca4cd9ac0 Options.max_bytes_for_level_multiplier_addtl[5]: 1
2019/01/17-19:25:40.122848 7f5ca4cd9ac0 Options.max_bytes_for_level_multiplier_addtl[6]: 1
2019/01/17-19:25:40.122848 7f5ca4cd9ac0       Options.max_sequential_skip_in_iterations: 8
2019/01/17-19:25:40.122849 7f5ca4cd9ac0                    Options.max_compaction_bytes: 6710886400
2019/01/17-19:25:40.122850 7f5ca4cd9ac0                        Options.arena_block_size: 524288
2019/01/17-19:25:40.122851 7f5ca4cd9ac0   Options.soft_pending_compaction_bytes_limit: 68719476736
2019/01/17-19:25:40.122852 7f5ca4cd9ac0   Options.hard_pending_compaction_bytes_limit: 274877906944
2019/01/17-19:25:40.122852 7f5ca4cd9ac0       Options.rate_limit_delay_max_milliseconds: 100
2019/01/17-19:25:40.122853 7f5ca4cd9ac0                Options.disable_auto_compactions: 0
2019/01/17-19:25:40.122854 7f5ca4cd9ac0                        Options.compaction_style: kCompactionStyleLevel
2019/01/17-19:25:40.122855 7f5ca4cd9ac0                          Options.compaction_pri: kByCompensatedSize
2019/01/17-19:25:40.122856 7f5ca4cd9ac0 Options.compaction_options_universal.size_ratio: 1
2019/01/17-19:25:40.122857 7f5ca4cd9ac0 Options.compaction_options_universal.min_merge_width: 2
2019/01/17-19:25:40.122858 7f5ca4cd9ac0 Options.compaction_options_universal.max_merge_width: 4294967295
2019/01/17-19:25:40.122859 7f5ca4cd9ac0 Options.compaction_options_universal.max_size_amplification_percent: 200
2019/01/17-19:25:40.122860 7f5ca4cd9ac0 Options.compaction_options_universal.compression_size_percent: -1
2019/01/17-19:25:40.122866 7f5ca4cd9ac0 Options.compaction_options_universal.stop_style: kCompactionStopStyleTotalSize
2019/01/17-19:25:40.122867 7f5ca4cd9ac0 Options.compaction_options_fifo.max_table_files_size: 1073741824
2019/01/17-19:25:40.122868 7f5ca4cd9ac0 Options.compaction_options_fifo.allow_compaction: 0
2019/01/17-19:25:40.122869 7f5ca4cd9ac0 Options.compaction_options_fifo.ttl: 0
2019/01/17-19:25:40.122870 7f5ca4cd9ac0                   Options.table_properties_collectors: 
2019/01/17-19:25:40.122871 7f5ca4cd9ac0                   Options.inplace_update_support: 0
2019/01/17-19:25:40.122871 7f5ca4cd9ac0                 Options.inplace_update_num_locks: 10000
2019/01/17-19:25:40.122872 7f5ca4cd9ac0               Options.memtable_prefix_bloom_size_ratio: 0.000000
2019/01/17-19:25:40.122873 7f5ca4cd9ac0   Options.memtable_huge_page_size: 0
2019/01/17-19:25:40.122874 7f5ca4cd9ac0                           Options.bloom_locality: 0
2019/01/17-19:25:40.122875 7f5ca4cd9ac0                    Options.max_successive_merges: 0
2019/01/17-19:25:40.122876 7f5ca4cd9ac0                Options.optimize_filters_for_hits: 0
2019/01/17-19:25:40.122876 7f5ca4cd9ac0                Options.paranoid_file_checks: 0
2019/01/17-19:25:40.122877 7f5ca4cd9ac0                Options.force_consistency_checks: 0
2019/01/17-19:25:40.122878 7f5ca4cd9ac0                Options.report_bg_io_stats: 0
2019/01/17-19:25:40.122891 7f5ca4cd9ac0 [rocksdb/db/column_family.cc:413] --------------- Options for column family [col3]:
2019/01/17-19:25:40.122892 7f5ca4cd9ac0               Options.comparator: leveldb.BytewiseComparator
2019/01/17-19:25:40.122893 7f5ca4cd9ac0           Options.merge_operator: None
2019/01/17-19:25:40.122894 7f5ca4cd9ac0        Options.compaction_filter: None
2019/01/17-19:25:40.122895 7f5ca4cd9ac0        Options.compaction_filter_factory: None
2019/01/17-19:25:40.122896 7f5ca4cd9ac0         Options.memtable_factory: SkipListFactory
2019/01/17-19:25:40.122897 7f5ca4cd9ac0            Options.table_factory: BlockBasedTable
2019/01/17-19:25:40.122904 7f5ca4cd9ac0            table_factory options:   flush_block_policy_factory: FlushBlockBySizePolicyFactory (0x7f5ca34521e0)
  cache_index_and_filter_blocks: 1
  cache_index_and_filter_blocks_with_high_priority: 0
  pin_l0_filter_and_index_blocks_in_cache: 1
  index_type: 0
  hash_index_allow_collision: 1
  checksum: 1
  no_block_cache: 0
  block_cache: 0x7f5ca3455070
  block_cache_name: LRUCache
  block_cache_options:
    capacity : 44739242
    num_shard_bits : 6
    strict_capacity_limit : 0
    high_pri_pool_ratio: 0.000
  block_cache_compressed: (nil)
  persistent_cache: (nil)
  block_size: 65536
  block_size_deviation: 10
  block_restart_interval: 16
  index_block_restart_interval: 1
  filter_policy: nullptr
  whole_key_filtering: 1
  format_version: 2
2019/01/17-19:25:40.122907 7f5ca4cd9ac0        Options.write_buffer_size: 4194304
2019/01/17-19:25:40.122908 7f5ca4cd9ac0  Options.max_write_buffer_number: 6
2019/01/17-19:25:40.122909 7f5ca4cd9ac0          Options.compression: Snappy
2019/01/17-19:25:40.122910 7f5ca4cd9ac0                  Options.bottommost_compression: Disabled
2019/01/17-19:25:40.122910 7f5ca4cd9ac0       Options.prefix_extractor: nullptr
2019/01/17-19:25:40.122911 7f5ca4cd9ac0   Options.memtable_insert_with_hint_prefix_extractor: nullptr
2019/01/17-19:25:40.122912 7f5ca4cd9ac0             Options.num_levels: 7
2019/01/17-19:25:40.122913 7f5ca4cd9ac0        Options.min_write_buffer_number_to_merge: 2
2019/01/17-19:25:40.122914 7f5ca4cd9ac0     Options.max_write_buffer_number_to_maintain: 0
2019/01/17-19:25:40.122915 7f5ca4cd9ac0            Options.compression_opts.window_bits: -14
2019/01/17-19:25:40.122915 7f5ca4cd9ac0                  Options.compression_opts.level: -1
2019/01/17-19:25:40.122916 7f5ca4cd9ac0               Options.compression_opts.strategy: 0
2019/01/17-19:25:40.122917 7f5ca4cd9ac0         Options.compression_opts.max_dict_bytes: 0
2019/01/17-19:25:40.122918 7f5ca4cd9ac0      Options.level0_file_num_compaction_trigger: 2
2019/01/17-19:25:40.122922 7f5ca4cd9ac0          Options.level0_slowdown_writes_trigger: 20
2019/01/17-19:25:40.122924 7f5ca4cd9ac0              Options.level0_stop_writes_trigger: 36
2019/01/17-19:25:40.122924 7f5ca4cd9ac0                   Options.target_file_size_base: 268435456
2019/01/17-19:25:40.122925 7f5ca4cd9ac0             Options.target_file_size_multiplier: 1
2019/01/17-19:25:40.122926 7f5ca4cd9ac0                Options.max_bytes_for_level_base: 16777216
2019/01/17-19:25:40.122927 7f5ca4cd9ac0 Options.level_compaction_dynamic_level_bytes: 1
2019/01/17-19:25:40.122928 7f5ca4cd9ac0          Options.max_bytes_for_level_multiplier: 10.000000
2019/01/17-19:25:40.122929 7f5ca4cd9ac0 Options.max_bytes_for_level_multiplier_addtl[0]: 1
2019/01/17-19:25:40.122930 7f5ca4cd9ac0 Options.max_bytes_for_level_multiplier_addtl[1]: 1
2019/01/17-19:25:40.122931 7f5ca4cd9ac0 Options.max_bytes_for_level_multiplier_addtl[2]: 1
2019/01/17-19:25:40.122931 7f5ca4cd9ac0 Options.max_bytes_for_level_multiplier_addtl[3]: 1
2019/01/17-19:25:40.122932 7f5ca4cd9ac0 Options.max_bytes_for_level_multiplier_addtl[4]: 1
2019/01/17-19:25:40.122933 7f5ca4cd9ac0 Options.max_bytes_for_level_multiplier_addtl[5]: 1
2019/01/17-19:25:40.122934 7f5ca4cd9ac0 Options.max_bytes_for_level_multiplier_addtl[6]: 1
2019/01/17-19:25:40.122935 7f5ca4cd9ac0       Options.max_sequential_skip_in_iterations: 8
2019/01/17-19:25:40.122936 7f5ca4cd9ac0                    Options.max_compaction_bytes: 6710886400
2019/01/17-19:25:40.122936 7f5ca4cd9ac0                        Options.arena_block_size: 524288
2019/01/17-19:25:40.122937 7f5ca4cd9ac0   Options.soft_pending_compaction_bytes_limit: 68719476736
2019/01/17-19:25:40.122938 7f5ca4cd9ac0   Options.hard_pending_compaction_bytes_limit: 274877906944
2019/01/17-19:25:40.122939 7f5ca4cd9ac0       Options.rate_limit_delay_max_milliseconds: 100
2019/01/17-19:25:40.122940 7f5ca4cd9ac0                Options.disable_auto_compactions: 0
2019/01/17-19:25:40.122941 7f5ca4cd9ac0                        Options.compaction_style: kCompactionStyleLevel
2019/01/17-19:25:40.122942 7f5ca4cd9ac0                          Options.compaction_pri: kByCompensatedSize
2019/01/17-19:25:40.122942 7f5ca4cd9ac0 Options.compaction_options_universal.size_ratio: 1
2019/01/17-19:25:40.122943 7f5ca4cd9ac0 Options.compaction_options_universal.min_merge_width: 2
2019/01/17-19:25:40.122944 7f5ca4cd9ac0 Options.compaction_options_universal.max_merge_width: 4294967295
2019/01/17-19:25:40.122945 7f5ca4cd9ac0 Options.compaction_options_universal.max_size_amplification_percent: 200
2019/01/17-19:25:40.122946 7f5ca4cd9ac0 Options.compaction_options_universal.compression_size_percent: -1
2019/01/17-19:25:40.122947 7f5ca4cd9ac0 Options.compaction_options_universal.stop_style: kCompactionStopStyleTotalSize
2019/01/17-19:25:40.122947 7f5ca4cd9ac0 Options.compaction_options_fifo.max_table_files_size: 1073741824
2019/01/17-19:25:40.122948 7f5ca4cd9ac0 Options.compaction_options_fifo.allow_compaction: 0
